516.600000000000 4.033437500000001
539.100000000000 3.951437500000000
563.600000000000 3.882437500000000
590.400000000000 3.826437500000000
619.900000000000 3.770437500000000
652.500000000000 3.711437500000000
688.800000000000 3.673437500000000
729.300000000000 3.646437500000000
774.900000000000 3.547437500000000
850 3.470354359868557
900 3.434813525526355
950 3.406873537098629
1000 3.384209275117630
1050 3.365455203867934
1100 3.349704374256350
1150 3.336316228188304
1200 3.324820914008829
1250 3.314864456208538
1300 3.306174621300816
1350 3.298538493147913
1400 3.291787168175376
1450 3.285785002660817
1500 3.280421880755924
1550 3.275607546231847
1600 3.271267377949406
1650 3.267339195650473
1700 3.263770813771807
1750 3.260518146565885
1800 3.257543725021361
1850 3.254815525102385
1900 3.252306033927082
1950 3.249991499624078
2000 3.247851324285156